"Seed"	"Sims"	"PriorFields"	"PostFields"	"Dimension"	"Range"	"Size"
"1"	1023	1000	100	100	10	1	0.082
"2"	1023	1000	100	100	10	5	0.035
"3"	1023	1000	100	100	10	10	0.031
"4"	1023	1000	100	100	20	1	0.253
"5"	1023	1000	100	100	20	5	0.039
"6"	1023	1000	100	100	20	10	0.034
"7"	1023	1000	100	100	30	1	0.575
"8"	1023	1000	100	100	30	5	0.056
"9"	1023	1000	100	100	30	10	0.042
"10"	1023	1000	100	500	10	1	0.119
"11"	1023	1000	100	500	10	5	0.037
"12"	1023	1000	100	500	10	10	0.035
"13"	1023	1000	100	500	20	1	0.48
"14"	1023	1000	100	500	20	5	0.059
"15"	1023	1000	100	500	20	10	0.04
"16"	1023	1000	100	500	30	1	0.864
"17"	1023	1000	100	500	30	5	0.09
"18"	1023	1000	100	500	30	10	0.053
"19"	1023	1000	500	100	10	1	0.045
"20"	1023	1000	500	100	10	5	0.032
"21"	1023	1000	500	100	10	10	0.047
"22"	1023	1000	500	100	20	1	0.055
"23"	1023	1000	500	100	20	5	0.037
"24"	1023	1000	500	100	20	10	0.035
"25"	1023	1000	500	100	30	1	0.069
"26"	1023	1000	500	100	30	5	0.045
"27"	1023	1000	500	100	30	10	0.044
"28"	1023	1000	500	500	10	1	0.057
"29"	1023	1000	500	500	10	5	0.04
"30"	1023	1000	500	500	10	10	0.042
"31"	1023	1000	500	500	20	1	0.12
"32"	1023	1000	500	500	20	5	0.047
"33"	1023	1000	500	500	20	10	0.046
"34"	1023	1000	500	500	30	1	0.164
"35"	1023	1000	500	500	30	5	0.056
"36"	1023	1000	500	500	30	10	0.041
