1.6200000e+02
 6.9800000e+02
 7.0500000e+02
 4.7300000e+02
 6.5500000e+02
 3.8100000e+02
 1.3900000e+02
 8.1400000e+02
 5.4000000e+01
 1.8700000e+02
 6.0100000e+02
 1.4900000e+02
 5.4700000e+02
 4.2100000e+02
 6.1500000e+02
 2.7700000e+02
 3.1700000e+02
 2.7600000e+02
 9.8000000e+01
 7.0800000e+02
 2.5500000e+02
 7.9300000e+02
 4.3800000e+02
 7.7800000e+02
 7.6000000e+01
 6.7800000e+02
 3.9200000e+02
 4.4500000e+02
 5.6800000e+02
 2.2400000e+02
 1.2000000e+01
 2.5700000e+02
 7.5700000e+02
 9.0400000e+02
 5.2800000e+02
 9.6300000e+02
 3.5000000e+02
 6.7900000e+02
 7.9400000e+02
 5.4600000e+02
 9.4900000e+02
 5.6700000e+02
 1.9700000e+02
 3.8000000e+02
 5.8500000e+02
 4.6900000e+02
 2.5100000e+02
 8.4800000e+02
 1.4200000e+02
 8.9000000e+02
 4.7000000e+01
 7.5400000e+02
 8.4000000e+02
 5.0500000e+02
 4.9800000e+02
 9.1200000e+02
 9.1400000e+02
 3.5100000e+02
 9.5800000e+02
 1.2700000e+02
 7.5600000e+02
 3.1100000e+02
 6.5400000e+02
 2.8600000e+02
 3.4000000e+02
 7.9900000e+02
 9.3300000e+02
 7.5300000e+02
 7.4200000e+02
 3.2000000e+01
 7.9100000e+02
 3.5000000e+01
 7.5000000e+02
 7.6400000e+02
 3.6000000e+01
 1.6300000e+02
 8.3000000e+02
 8.1300000e+02
 5.4900000e+02
 9.2800000e+02
 2.4400000e+02
 9.5600000e+02
 1.6600000e+02
 9.1600000e+02
 6.9400000e+02
 1.1900000e+02
 3.3700000e+02
 1.7100000e+02
 2.7800000e+02
 5.3000000e+02
 4.8500000e+02
 2.5400000e+02
 9.7000000e+01
 8.2200000e+02
 9.6900000e+02
 6.3200000e+02
 4.8900000e+02
 6.4600000e+02
 1.5800000e+02
 1.3000000e+02
